nbsujet act10 act100 act1000
0 92 92 92
1 91 91 91
2 75 75 75
3 82 82 82
4 94 44 44
5 132 70 70
6 134 77 77
7 145 83 83
8 124 75 75
9 48 78 78
10 91 74 74
11 134 81 81
12 146 90 90
13 137 81 81
14 9 9 69
15 69 70 77
16 80 81 76
17 56 91 83
18 83 75 76
19 84 47 80
20 139 139 87
21 134 134 82
22 56 56 70
23 138 139 87
24 85 85 76
25 68 68 53
26 72 72 56
27 134 135 84
28 127 127 77
29 89 89 44
30 87 87 51
31 129 129 79
32 94 94 51
33 92 92 76
34 71 71 79
35 147 147 91
36 75 75 51
37 73 73 82
38 74 91 44
39 88 55 92
40 85 85 76
41 132 132 76
42 88 88 78
43 91 140 84
44 131 91 81
45 53 53 75
46 94 94 51
47 147 147 91
48 85 86 79
49 83 83 55
50 140 140 85
51 85 85 90
52 66 66 93
53 73 73 56
54 68 68 68
55 125 125 70
56 89 89 83
57 92 92 56
58 68 68 52
59 85 123 80
60 82 82 78
61 81 81 82
62 79 79 81
63 69 69 44
64 82 82 84
65 86 86 88
66 86 86 81
67 71 71 60
68 66 66 68
69 51 51 51
70 70 83 79
71 44 44 44
72 82 82 84
73 89 89 91
74 85 85 81
75 83 83 84
76 71 71 73
77 75 75 45
78 91 91 93
79 54 54 54
80 68 68 69
81 83 83 79
82 65 65 44
83 83 83 79
84 44 44 44
85 83 83 79
86 88 88 89
87 68 68 86
88 90 90 76
89 86 86 44
90 68 122 68
91 71 71 70
92 72 72 44
93 87 87 85
94 87 87 87
95 56 56 56
96 81 81 77
97 65 65 51
98 82 82 77
99 80 80 81
100 76 76 77
101 88 88 89
102 91 91 92
103 80 80 81
104 65 65 90
105 84 84 79
106 82 82 80
107 71 71 44
108 123 123 68
109 133 133 78
110 68 68 44
111 82 82 83
112 122 122 83
113 126 126 78
114 126 126 71
115 129 129 74
116 71 71 44
117 86 86 81
118 91 91 92
119 83 83 79
120 84 84 89
121 81 81 92
122 81 81 52
123 128 128 72
124 124 124 76
125 72 72 44
126 86 86 44
127 45 45 88
128 85 85 80
129 95 95 80
130 88 88 89
131 90 90 76
132 81 81 80
133 77 77 45
134 67 67 68
135 84 84 92
136 140 140 84
137 144 144 88
138 129 129 73
139 91 91 76
140 45 45 72
141 83 83 52
142 140 140 84
143 84 84 44
144 84 84 79
145 66 66 67
146 92 92 93
147 81 81 76
148 92 92 93
149 70 70 71
150 90 90 91
151 45 45 44
152 82 82 83
153 74 74 75
154 68 68 69
155 86 86 81
156 84 84 80
157 44 44 44
158 51 51 51
159 62 62 62
160 82 82 83
161 85 85 86
162 44 44 44
163 81 81 77
164 60 60 60
165 73 73 74
166 88 88 89
167 72 72 73
168 71 71 72
169 44 44 45
170 66 66 67
171 85 85 86
172 79 79 80
173 89 89 90
174 89 89 90
175 67 67 68
176 44 44 44
177 91 91 91
178 76 76 80
179 43 43 44
180 90 90 74
181 96 96 84
182 41 41 82
183 93 93 86
184 97 97 73
185 12 12 44
186 90 90 91
187 43 43 44
188 72 72 83
189 89 89 53
190 92 92 56
191 92 92 92
192 91 91 55
193 74 74 82
194 76 76 76
195 43 43 44
196 87 87 88
197 97 97 69
198 96 96 82
199 44 44 80
200 92 92 56
201 86 86 86
202 98 98 85
203 78 78 78
204 92 92 56
205 91 91 91
206 52 52 52
207 60 60 60
208 58 58 58
209 44 44 44
210 41 41 44
211 46 46 77
212 36 36 44
213 99 99 63
214 91 91 91
215 43 43 81
216 71 71 71
217 44 44 44
218 93 93 91
219 87 87 88
220 84 84 81
221 44 44 45
222 72 72 72
223 83 83 83
224 82 82 82
225 97 97 93
226 35 35 44
227 94 94 93
228 68 68 80
229 46 46 77
230 90 90 91
231 83 83 84
232 67 67 68
233 90 90 91
234 94 94 83
235 78 78 81
236 44 44 45
237 85 85 86
238 88 88 89
239 69 69 70
240 96 96 60
241 45 45 78
242 68 68 83
243 89 89 53
244 79 79 80
245 44 44 44
246 97 97 89
247 72 72 73
248 44 44 45
249 74 74 75
250 91 91 74
251 99 99 72
252 92 92 89
253 93 93 57
254 80 80 81
255 92 92 89
256 95 95 85
257 99 99 63
258 99 99 82
259 40 40 83
260 88 88 89
261 45 45 44
262 38 38 44
263 88 88 52
264 74 74 80
265 48 48 76
266 99 99 67
267 85 85 86
268 82 82 83
269 40 40 83
270 72 72 81
271 44 44 44
272 91 91 69
273 68 68 76
274 89 89 90
275 90 90 54
276 74 74 44
277 95 95 86
278 81 81 82
279 76 76 78
280 94 94 81
281 98 98 86
282 87 87 88
283 85 85 82
284 73 73 74
285 72 72 73
286 85 85 86
287 92 92 93
288 89 89 90
289 95 95 70
290 67 67 68
291 86 86 87
292 99 99 83
293 93 93 83
294 97 97 73
295 94 94 89
296 99 99 63
297 99 99 80
298 73 73 44
299 74 74 82
300 90 90 91
301 47 47 76
302 70 70 82
303 41 41 82
304 70 70 71
305 57 57 57
306 63 63 63
307 44 44 44
308 78 78 79
309 78 78 79
310 71 71 72
311 40 40 83
312 73 73 83
313 72 72 80
314 93 93 82
315 93 93 84
316 90 90 54
317 80 80 81
318 40 40 83
319 85 85 86
320 66 66 67
321 47 47 76
322 79 79 77
323 84 84 82
324 78 78 79
325 84 84 85
326 90 90 91
327 85 85 86
328 73 73 73
329 78 78 79
330 92 92 93
331 68 68 44
332 83 83 81
333 72 72 73
334 78 78 76
335 75 75 69
336 74 74 44
337 87 87 88
338 44 44 45
339 90 90 91
340 78 78 76
341 86 86 87
342 44 44 44
343 84 84 85
344 83 83 83
345 59 59 59
346 78 78 79
347 44 44 44
348 87 87 88
349 82 82 83
350 91 91 55
351 42 42 44
352 89 89 53
353 36 36 44
354 43 43 80
355 89 89 89
356 72 72 81
357 79 79 79
358 74 74 80
359 74 74 44
360 92 92 75
361 72 72 72
362 75 75 82
363 97 97 61
364 88 88 52
365 75 75 77
366 93 93 93
367 70 70 70
368 84 84 84
369 74 74 74
370 97 97 61
371 93 93 79
372 85 85 85
373 75 75 45
374 69 69 69
375 88 88 52
376 5 5 45
377 99 99 77
378 71 71 77
379 97 97 78
380 93 93 93
381 100 100 89
382 96 96 74
383 75 75 81
384 95 95 91
385 83 83 83
386 79 79 82
387 99 99 70
388 83 83 83
389 3 3 44
390 84 84 84
391 84 84 84
392 83 83 83
393 75 75 78
394 81 81 81
395 91 91 55
396 71 71 67
397 71 71 44
398 75 75 75
399 87 87 87
400 74 74 77
401 76 76 76
402 95 95 59
403 90 90 54
404 92 92 68
405 45 45 44
406 43 43 80
407 91 91 75
408 82 82 82
409 98 98 86
410 98 98 88
411 3 3 44
412 68 68 81
413 66 66 79
414 47 47 76
415 89 89 68
416 72 72 79
417 97 97 69
418 96 96 60
419 96 96 72
420 93 93 84
421 67 67 67
422 81 81 81
423 81 81 81
424 77 77 77
425 1 1 44
426 90 90 90
427 38 38 44
428 67 67 79
429 90 90 77
430 84 84 84
431 91 91 89
432 92 92 56
433 88 88 71
434 73 73 79
435 6 6 44
436 79 79 81
437 45 45 78
438 68 68 83
439 89 89 77
440 89 89 89
441 88 88 88
442 99 99 63
443 37 37 44
444 90 90 54
445 87 87 87
446 88 88 82
447 76 76 78
448 42 42 81
449 85 85 85
450 95 95 59
451 97 97 71
452 41 41 44
453 90 90 90
454 40 40 83
455 88 88 85
456 46 46 77
457 87 87 76
458 96 96 60
459 74 74 78
460 88 88 89
461 87 87 88
462 81 81 82
463 83 83 84
464 72 72 73
465 73 73 57
466 82 82 80
467 44 44 44
468 44 44 44
469 65 65 78
470 69 69 68
471 77 77 78
472 54 54 54
473 86 86 87
474 90 90 54
475 91 91 92
476 82 82 83
477 85 85 86
478 78 78 79
479 92 92 93
480 35 35 44
481 42 42 44
482 92 92 79
483 94 94 77
484 85 85 86
485 84 84 85
486 98 98 62
487 91 91 75
488 93 93 70
489 83 83 84
490 96 96 81
491 93 93 76
492 80 80 81
493 96 96 76
494 72 72 76
495 89 89 53
496 88 88 61
497 90 90 89
498 88 88 74
499 96 96 89
500 84 84 85
501 91 91 70
502 54 54 82
503 95 95 93
504 82 82 83
505 93 93 44
506 93 93 69
507 93 93 68
508 86 86 69
509 58 58 78
510 96 96 53
511 95 95 78
512 90 90 59
513 93 93 81
514 93 93 78
515 89 89 75
516 92 92 93
517 93 93 74
518 68 68 80
519 95 95 72
520 93 93 56
521 80 80 81
522 78 78 81
523 90 90 86
524 95 95 54
525 80 80 81
526 80 80 81
527 94 94 68
528 78 78 80
529 73 73 78
530 93 93 69
531 93 93 81
532 94 94 55
533 93 93 84
534 95 95 93
535 91 91 77
536 93 93 72
537 92 92 72
538 93 93 44
539 90 90 59
540 87 87 70
541 75 75 76
542 97 97 91
543 98 98 51
544 92 92 70
545 93 93 69
546 74 74 79
547 90 90 82
548 79 79 83
549 87 87 79
550 87 87 83
551 80 80 82
552 93 93 75
553 95 95 89
554 79 79 80
555 93 93 44
556 89 89 60
557 77 77 79
558 69 69 77
559 75 75 81
560 96 96 81
561 70 70 79
562 93 93 44
563 93 93 73
564 93 93 44
565 93 93 71
566 92 92 68
567 94 94 83
568 87 87 83
569 86 86 63
570 87 87 76
571 78 78 79
572 92 92 76
573 99 99 68
574 93 93 83
575 70 70 82
576 93 93 90
577 93 93 44
578 90 90 69
579 68 68 80
580 80 80 81
581 93 93 44
582 93 93 45
583 93 93 44
584 93 93 83
585 93 93 45
586 73 73 83
587 90 90 91
588 93 93 44
589 76 76 84
590 93 93 77
591 77 77 79
592 93 93 83
593 67 67 79
594 84 84 85
595 67 67 83
596 93 93 78
597 93 93 85
598 90 90 80
599 93 93 44
600 96 96 54
601 93 93 74
602 91 91 60
603 55 55 81
604 98 98 79
605 93 93 72
606 87 87 88
607 67 67 82
608 97 97 53
609 100 100 51
610 82 82 83
611 92 92 77
612 93 93 76
613 89 89 89
614 93 93 77
615 93 93 75
616 93 93 82
617 87 87 75
618 143 143 90
619 83 83 82
620 54 54 82
621 93 93 92
622 93 93 88
623 99 99 93
624 124 124 71
625 81 81 82
626 67 67 82
627 93 93 44
628 93 93 85
629 90 90 88
630 86 86 80
631 75 75 82
632 93 93 44
633 90 90 60
634 58 58 78
635 86 86 87
636 94 94 74
637 82 82 83
638 89 89 61
639 93 93 44
640 99 99 85
641 93 93 75
642 79 79 80
643 92 92 70
644 92 92 93
645 99 99 52
646 80 80 83
647 93 93 44
648 93 93 81
649 79 79 80
650 92 92 93
651 93 93 44
652 98 98 80
653 90 90 60
654 93 93 57
655 93 93 45
656 93 93 73
657 96 96 70
658 96 96 90
659 83 83 84
660 95 95 86
661 87 87 88
662 93 93 91
663 93 93 69
664 93 93 67
665 95 95 54
666 93 93 90
667 85 85 86
668 88 88 89
669 84 84 77
670 98 98 73
671 87 87 78
672 55 55 82
673 89 89 62
674 141 141 88
675 93 93 91
676 93 93 74
677 140 140 87
678 93 93 87
679 123 123 70
680 73 73 85
681 141 141 88
682 93 93 78
683 98 98 52
684 141 141 88
685 133 133 83
686 137 137 84
687 93 93 71
688 144 144 91
689 140 140 87
690 126 126 83
691 78 78 81
692 91 91 58
693 93 93 77
694 129 129 76
695 121 121 68
696 93 93 44
697 92 92 87
698 127 127 74
699 87 87 83
700 93 93 82
701 134 134 81
702 88 88 61
703 93 93 44
704 82 82 83
705 93 93 87
706 83 83 83
707 72 72 80
708 53 53 90
709 88 88 61
710 123 123 70
711 90 90 78
712 69 69 80
713 97 97 53
714 88 88 92
715 135 135 82
716 59 59 77
717 128 128 75
718 93 93 90
719 91 91 59
720 97 97 54
721 129 129 76
722 137 137 84
723 78 78 77
724 54 54 93
725 93 93 75
726 132 132 79
727 83 83 76
728 93 93 69
729 93 93 78
730 93 93 71
731 93 93 44
732 91 91 89
733 94 94 56
734 84 84 76
735 144 144 91
736 93 93 75
737 93 93 86
738 93 93 68
739 142 142 89
740 124 124 71
741 93 93 44
742 93 93 88
743 93 93 86
744 93 93 83
745 140 140 87
746 88 88 61
747 91 91 60
748 92 92 58
749 93 93 67
750 124 124 71
751 74 74 82
752 93 93 75
753 87 87 72
754 93 93 84
755 84 84 84
756 95 95 87
757 97 97 53
758 66 66 79
759 93 93 44
760 137 137 84
761 129 129 82
762 91 91 91
763 94 94 73
764 93 93 87
765 93 93 44
766 54 54 82
767 93 93 57
768 92 92 80
769 92 92 78
770 93 93 44
771 143 143 90
772 144 144 91
773 129 129 76
774 93 93 88
775 93 93 91
776 134 134 81
777 89 89 76
778 87 87 70
779 127 127 74
780 93 93 44
781 93 93 44
782 93 93 87
783 93 93 58
784 93 93 88
785 96 96 55
786 58 58 78
787 93 93 79
788 88 88 77
789 88 88 87
790 94 94 67
791 84 84 82
792 126 126 73
793 90 90 71
794 60 60 82
795 93 93 44
796 98 98 88
797 88 88 78
798 120 120 67
799 70 70 80
800 66 66 82
801 133 133 80
802 59 59 83
803 93 93 45
804 98 98 52
805 76 76 82
806 136 136 83
807 66 66 84
808 70 70 78
809 123 123 70
810 124 124 71
811 99 99 51
812 93 93 68
813 135 135 83
814 145 145 92
815 123 123 82
816 93 93 44
817 93 93 45
818 91 91 76
819 93 93 57
820 139 139 86
821 93 93 44
822 76 76 80
823 93 93 69
824 129 129 76
825 130 130 77
826 93 93 44
827 128 128 75
828 91 91 59
829 137 137 84
830 90 90 70
831 122 122 69
832 74 74 78
833 131 131 78
834 89 89 76
835 60 60 76
836 92 92 87
837 138 138 85
838 89 89 92
839 93 93 83
840 65 65 80
841 93 93 44
842 138 138 85
843 134 134 81
844 91 91 92
845 129 129 78
846 123 123 70
847 93 93 44
848 93 93 44
849 121 121 68
850 93 93 44
851 93 93 44
852 132 132 79
853 93 93 88
854 93 93 44
855 137 137 84
856 93 93 80
857 76 76 81
858 53 53 83
859 98 98 52
860 55 55 81
861 92 92 58
862 146 146 93
863 54 54 82
864 98 98 86
865 135 135 82
866 58 58 79
867 93 93 44
868 93 93 44
869 58 58 87
870 131 131 78
871 93 93 75
872 87 87 63
873 90 90 75
874 124 124 71
875 85 85 81
876 90 90 90
877 127 127 74
878 125 125 76
879 67 67 82
880 93 93 72
881 93 93 44
882 97 97 53
883 89 89 76
884 132 132 82
885 93 93 76
886 93 93 75
887 96 96 84
888 93 93 44
889 93 93 88
890 133 133 80
891 87 87 69
892 132 132 79
893 130 130 83
894 141 141 88
895 124 124 71
896 72 72 76
897 93 93 44
898 59 59 88
899 93 93 78
900 127 127 80
901 95 95 90
902 93 93 44
903 133 133 80
904 129 129 76
905 41 41 85
906 83 83 44
907 66 66 81
908 84 84 44
909 137 137 84
910 98 98 62
911 84 84 78
912 129 129 76
913 74 74 75
914 120 120 67
915 137 137 84
916 122 122 69
917 93 93 69
918 74 74 83
919 146 146 93
920 47 47 76
921 125 125 72
922 127 127 74
923 140 140 87
924 73 73 71
925 75 75 44
926 125 125 72
927 68 68 81
928 121 121 68
929 44 44 79
930 35 35 74
931 88 88 80
932 40 40 81
933 92 92 76
934 120 120 79
935 124 124 71
936 128 128 75
937 144 144 91
938 93 93 71
939 129 129 76
940 134 134 81
941 120 120 67
942 131 131 78
943 122 122 69
944 96 96 86
945 121 121 68
946 67 67 70
947 98 98 62
948 75 75 45
949 81 81 44
950 129 129 76
951 99 99 63
952 66 66 44
953 37 37 78
954 122 122 79
955 137 137 84
956 7 7 86
957 122 122 69
958 73 73 87
959 78 78 76
960 44 44 79
961 144 144 91
962 94 94 58
963 81 81 44
964 127 127 74
965 13 13 92
966 142 142 89
967 94 94 91
968 141 141 88
969 133 133 83
970 73 73 81
971 143 143 90
972 72 72 83
973 136 136 83
974 125 125 82
975 123 123 70
976 126 126 83
977 90 90 82
978 96 96 60
979 95 95 59
980 97 97 61
981 40 40 83
982 41 41 88
983 100 100 79
984 91 91 81
985 120 120 81
986 97 97 85
987 129 129 76
988 122 122 69
989 74 74 44
990 98 98 62
991 140 140 87
992 144 144 91
993 74 74 83
994 143 143 90
995 92 92 44
996 124 124 71
997 77 77 83
998 69 69 76
999 142 142 89
