nbsujet act10 act100 act1000
0 30 30 30
1 36 36 36
2 30 30 30
3 28 28 28
4 58 37 37
5 28 31 31
6 55 33 33
7 26 49 49
8 30 32 32
9 50 49 49
10 27 48 48
11 34 45 45
12 54 37 37
13 57 35 35
14 52 52 50
15 58 58 36
16 50 27 48
17 28 28 28
18 54 54 48
19 34 34 37
20 52 52 35
21 54 54 34
22 49 49 28
23 55 34 37
24 25 25 28
25 53 53 31
26 56 56 36
27 27 27 35
28 26 26 50
29 56 56 34
30 56 56 34
31 56 56 37
32 53 53 31
33 49 49 30
34 33 33 47
35 29 29 31
36 49 49 30
37 27 27 49
38 27 27 48
39 52 52 30
40 36 36 28
41 35 35 44
42 49 49 32
43 48 48 47
44 55 56 37
45 45 45 44
46 52 52 47
47 27 27 31
48 27 27 49
49 2 2 34
50 25 25 29
51 31 31 44
52 56 56 34
53 58 58 36
54 45 45 28
55 53 53 31
56 25 25 51
57 48 48 50
58 49 49 28
59 28 28 28
60 48 48 44
61 51 51 45
62 57 57 35
63 58 58 36
64 26 26 51
65 55 55 33
66 51 51 33
67 53 53 45
68 55 55 33
69 59 59 37
70 53 53 35
71 31 31 44
72 53 53 35
73 56 56 34
74 46 46 49
75 56 56 34
76 53 53 51
77 55 55 36
78 56 56 34
79 31 31 48
80 58 58 36
81 54 54 50
82 27 27 32
83 56 49 34
84 53 53 31
85 52 52 49
86 35 35 45
87 46 46 46
88 50 50 50
89 36 36 36
90 44 44 44
91 52 52 34
92 51 51 46
93 50 50 30
94 55 55 46
95 44 44 44
96 37 37 37
97 51 51 50
98 55 55 37
99 50 50 49
100 34 34 28
101 47 47 47
102 35 35 28
103 53 53 35
104 37 37 37
105 36 36 36
106 45 45 35
107 29 29 35
108 52 52 47
109 51 51 30
110 35 35 35
111 36 36 36
112 55 55 33
113 55 55 28
114 55 55 36
115 55 55 35
116 56 56 32
117 56 56 32
118 30 30 50
119 55 55 32
120 55 55 35
121 53 53 35
122 54 54 37
123 54 54 34
124 55 55 34
125 55 55 31
126 55 55 33
127 53 53 36
128 31 31 49
129 55 55 34
130 53 53 36
131 56 56 28
132 57 57 32
133 56 56 32
134 56 56 29
135 55 55 37
136 50 50 47
137 56 56 36
138 59 59 32
139 55 55 34
140 52 52 36
141 56 56 28
142 56 56 37
143 50 50 49
144 56 56 33
145 58 58 31
146 48 48 44
147 55 55 34
148 55 55 31
149 49 49 45
150 55 55 30
151 56 56 32
152 57 57 31
153 57 57 37
154 53 53 36
155 55 55 28
156 56 56 32
157 31 31 49
158 55 55 28
159 54 54 44
160 48 48 47
161 35 35 45
162 58 58 32
163 34 34 46
164 55 55 31
165 53 53 36
166 33 33 47
167 32 32 48
168 48 48 45
169 55 55 28
170 53 53 50
171 55 55 37
172 55 55 35
173 55 55 28
174 52 52 47
175 55 55 31
176 55 55 30
177 54 54 34
178 56 56 35
179 55 55 30
180 52 52 48
181 55 55 28
182 57 57 31
183 52 52 35
184 52 52 36
185 55 55 32
186 58 58 30
187 58 58 32
188 49 49 50
189 55 55 29
190 55 55 28
191 55 55 31
192 46 46 44
193 56 56 33
194 30 30 50
195 57 57 36
196 55 55 34
197 53 53 49
198 30 30 50
199 55 55 28
200 34 34 46
201 55 55 29
202 55 55 30
203 55 55 32
204 55 55 35
205 32 32 48
206 52 52 35
207 32 32 48
208 35 35 45
209 55 55 34
210 31 31 49
211 35 35 45
212 55 55 37
213 55 55 28
214 55 55 32
215 55 55 30
216 56 56 37
217 53 53 34
218 30 30 50
219 55 55 33
220 55 55 31
221 48 48 50
222 56 56 36
223 55 55 32
224 55 55 34
225 36 36 44
226 53 53 34
227 35 35 45
228 55 55 32
229 55 55 37
230 54 54 33
231 55 55 35
232 57 57 30
233 54 54 34
234 57 57 33
235 51 51 48
236 55 55 28
237 55 55 28
238 34 34 46
239 55 55 28
240 50 50 45
241 53 53 34
242 34 34 46
243 55 55 29
244 53 53 49
245 55 55 36
246 33 33 47
247 54 54 32
248 30 30 50
249 47 47 45
250 53 53 33
251 55 55 28
252 55 55 29
253 30 30 50
254 52 52 49
255 49 49 49
256 51 51 50
257 55 55 30
258 54 54 37
259 47 47 49
260 51 51 36
261 55 55 32
262 30 30 51
263 55 55 37
264 52 52 45
265 55 55 29
266 52 52 35
267 56 56 35
268 55 55 37
269 54 54 34
270 55 55 32
271 50 50 49
272 53 53 34
273 45 45 48
274 32 32 48
275 35 35 46
276 53 53 45
277 52 52 35
278 51 51 37
279 51 51 49
280 56 56 31
281 55 55 33
282 55 55 32
283 55 55 34
284 54 54 45
285 53 53 47
286 55 55 28
287 53 53 36
288 54 54 33
289 54 54 34
290 57 57 31
291 53 53 49
292 52 52 49
293 56 56 33
294 34 34 46
295 55 55 29
296 55 55 37
297 55 55 35
298 55 55 37
299 55 55 37
300 33 33 49
301 33 33 47
302 54 54 48
303 32 32 48
304 55 55 32
305 51 51 36
306 55 55 28
307 55 55 37
308 55 55 30
309 56 56 31
310 54 54 47
311 55 55 32
312 55 55 35
313 55 55 37
314 51 51 48
315 54 54 33
316 54 54 33
317 52 52 47
318 34 34 47
319 53 53 50
320 58 58 33
321 34 34 48
322 53 53 34
323 57 57 30
324 32 32 48
325 50 50 36
326 55 55 32
327 51 51 47
328 35 35 45
329 55 55 36
330 55 55 32
331 55 55 34
332 33 33 47
333 55 55 28
334 51 51 45
335 52 52 35
336 54 54 32
337 47 47 46
338 55 55 31
339 55 55 28
340 50 50 36
341 55 55 33
342 55 55 29
343 50 50 37
344 53 53 34
345 49 49 49
346 56 56 31
347 55 55 35
348 52 52 47
349 51 51 36
350 36 36 44
351 49 49 44
352 34 34 46
353 53 53 49
354 57 57 30
355 54 54 34
356 51 51 36
357 55 55 28
358 54 54 50
359 55 55 28
360 33 33 47
361 55 55 37
362 47 47 49
363 30 30 50
364 55 55 33
365 37 37 44
366 48 48 50
367 35 35 45
368 55 55 28
369 55 55 30
370 57 57 31
371 51 51 48
372 53 53 34
373 49 49 50
374 55 55 28
375 46 46 49
376 55 55 28
377 55 55 37
378 54 54 34
379 55 55 29
380 48 48 48
381 55 55 31
382 53 53 36
383 53 53 44
384 53 53 35
385 55 55 28
386 51 51 36
387 52 52 36
388 52 52 49
389 55 55 35
390 55 55 30
391 55 55 28
392 57 57 30
393 51 51 37
394 55 55 28
395 55 55 28
396 55 55 31
397 48 48 50
398 55 55 28
399 35 35 45
400 55 55 32
401 55 55 30
402 55 55 31
403 54 54 49
404 52 52 44
405 55 55 34
406 51 51 36
407 55 55 28
408 55 55 32
409 55 55 34
410 55 55 35
411 32 32 48
412 55 55 37
413 55 55 34
414 30 30 50
415 55 55 34
416 53 53 34
417 55 55 28
418 31 31 49
419 57 57 30
420 56 56 31
421 56 56 33
422 53 53 35
423 54 54 34
424 55 55 29
425 52 52 35
426 55 55 35
427 46 46 47
428 56 56 32
429 51 51 36
430 55 55 36
431 33 33 48
432 55 55 28
433 51 51 45
434 50 50 49
435 55 55 28
436 53 53 50
437 55 55 28
438 50 50 49
439 55 55 32
440 53 53 35
441 52 52 50
442 55 55 28
443 46 46 44
444 51 51 36
445 55 55 35
446 35 35 45
447 54 54 36
448 53 53 35
449 57 57 30
450 53 53 34
451 35 35 45
452 55 55 28
453 55 55 31
454 55 55 30
455 52 52 47
456 34 34 49
457 55 55 32
458 34 34 46
459 55 55 32
460 54 54 33
461 32 32 48
462 55 55 37
463 54 54 33
464 33 33 48
465 55 55 28
466 52 52 35
467 55 55 32
468 35 35 50
469 55 55 34
470 53 53 45
471 55 55 29
472 32 32 49
473 55 55 33
474 55 55 28
475 49 49 45
476 55 55 35
477 53 53 47
478 56 56 31
479 55 55 31
480 55 55 30
481 53 53 34
482 53 53 36
483 55 55 28
484 55 55 28
485 32 32 48
486 55 55 28
487 55 55 31
488 33 33 50
489 56 56 31
490 52 52 36
491 48 48 45
492 55 55 30
493 55 55 31
494 53 53 44
495 51 51 51
496 52 52 35
497 48 48 50
498 55 55 32
499 49 49 50
500 45 45 45
501 55 55 32
502 50 50 49
503 53 53 44
504 54 54 33
505 58 58 30
506 50 50 44
507 55 55 29
508 56 56 36
509 55 55 28
510 55 55 34
511 55 55 35
512 52 52 35
513 53 53 37
514 48 48 48
515 52 52 35
516 51 51 50
517 53 53 34
518 54 54 34
519 34 34 47
520 50 50 49
521 55 55 30
522 31 31 50
523 49 49 44
524 55 55 32
525 49 49 47
526 57 57 30
527 48 48 50
528 58 58 31
529 56 56 37
530 55 55 36
531 55 55 37
532 33 33 48
533 51 51 36
534 55 55 28
535 48 48 47
536 56 56 31
537 55 55 32
538 32 32 48
539 31 31 50
540 56 56 31
541 52 52 35
542 36 36 44
543 55 55 28
544 34 34 47
545 45 45 44
546 48 48 48
547 57 57 31
548 56 56 31
549 50 50 45
550 55 55 28
551 55 55 28
552 52 52 35
553 54 54 37
554 56 56 31
555 56 56 31
556 34 34 46
557 51 51 36
558 55 55 37
559 55 55 36
560 55 55 30
561 55 55 29
562 55 55 28
563 55 55 30
564 52 52 36
565 55 55 34
566 55 55 36
567 34 34 46
568 54 54 34
569 55 55 32
570 55 55 37
571 53 53 44
572 55 55 30
573 37 37 44
574 52 52 36
575 55 55 37
576 55 55 32
577 52 52 35
578 55 55 33
579 33 33 47
580 54 54 50
581 55 55 28
582 55 55 37
583 49 49 44
584 55 55 33
585 55 55 31
586 55 55 32
587 55 55 37
588 53 53 34
589 57 57 31
590 55 55 29
591 54 54 33
592 55 55 28
593 51 51 46
594 52 52 48
595 55 55 28
596 55 55 30
597 55 55 37
598 55 55 28
599 55 55 32
600 54 54 33
601 51 51 37
602 45 45 50
603 55 55 29
604 55 55 29
605 55 55 37
606 52 52 35
607 55 55 28
608 33 33 47
609 30 30 50
610 55 55 28
611 51 51 36
612 57 57 35
613 55 55 34
614 55 55 30
615 34 34 46
616 55 55 28
617 55 55 32
618 54 54 45
619 34 34 46
620 48 48 46
621 35 35 48
622 55 55 31
623 51 51 46
624 55 55 36
625 55 55 32
626 55 55 35
627 51 51 36
628 49 49 45
629 55 55 47
630 53 53 47
631 53 53 35
632 55 55 31
633 55 55 35
634 55 55 28
635 55 55 32
636 50 50 45
637 51 51 46
638 50 50 48
639 53 53 34
640 53 53 47
641 55 55 28
642 55 55 31
643 51 51 46
644 56 56 32
645 52 52 35
646 51 51 36
647 50 50 44
648 55 55 28
649 55 55 28
650 55 55 28
651 52 52 36
652 55 55 30
653 55 55 37
654 55 55 32
655 55 55 30
656 52 52 36
657 35 35 45
658 55 55 34
659 52 52 35
660 55 55 28
661 51 51 36
662 51 51 37
663 55 55 32
664 51 51 50
665 55 55 32
666 32 32 48
667 53 53 34
668 51 51 37
669 55 55 46
670 55 55 31
671 55 55 28
672 55 55 30
673 56 56 33
674 57 57 31
675 55 55 37
676 55 55 37
677 54 54 36
678 55 55 30
679 32 32 48
680 55 55 28
681 53 53 34
682 57 57 30
683 48 48 48
684 55 55 28
685 50 50 48
686 48 48 45
687 51 51 36
688 53 53 48
689 54 54 36
690 55 55 34
691 51 51 48
692 35 35 51
693 55 55 29
694 55 55 28
695 52 52 37
696 55 55 33
697 55 55 36
698 55 55 35
699 36 36 44
700 55 55 28
701 58 58 37
702 53 53 34
703 49 49 45
704 51 51 36
705 56 56 31
706 55 55 30
707 55 55 31
708 55 55 30
709 53 53 35
710 55 55 33
711 33 33 47
712 56 56 35
713 55 55 30
714 52 52 35
715 51 51 37
716 55 55 28
717 51 51 36
718 55 55 28
719 51 51 36
720 51 51 37
721 55 55 31
722 58 58 31
723 53 53 47
724 55 55 37
725 53 53 46
726 55 55 32
727 51 51 49
728 30 30 50
729 57 57 31
730 54 54 33
731 50 50 49
732 54 54 36
733 34 34 46
734 55 55 36
735 55 55 32
736 56 56 31
737 55 55 29
738 57 57 30
739 55 55 31
740 56 56 33
741 55 55 31
742 51 51 37
743 55 55 29
744 55 55 32
745 53 53 36
746 55 55 33
747 55 55 32
748 54 54 33
749 55 55 29
750 55 55 33
751 55 55 28
752 33 33 47
753 50 50 45
754 33 33 47
755 55 55 34
756 55 55 30
757 55 55 36
758 57 57 32
759 57 57 30
760 51 51 49
761 55 55 35
762 33 33 48
763 47 47 50
764 55 55 28
765 30 30 50
766 54 54 36
767 55 55 34
768 55 55 32
769 55 55 30
770 49 49 48
771 55 55 31
772 55 55 36
773 36 36 45
774 55 55 34
775 58 58 30
776 51 51 36
777 34 34 46
778 32 32 50
779 53 53 35
780 32 32 49
781 51 51 36
782 51 51 36
783 49 49 50
784 51 51 47
785 55 55 33
786 55 55 30
787 55 55 28
788 51 51 48
789 56 56 31
790 55 55 31
791 56 56 33
792 51 51 44
793 51 51 36
794 54 54 34
795 55 55 30
796 57 57 30
797 57 57 31
798 56 56 31
799 55 55 30
800 53 53 35
801 36 36 44
802 55 55 28
803 53 53 44
804 55 55 28
805 33 33 48
806 55 55 34
807 31 31 49
808 33 33 47
809 55 55 31
810 56 56 31
811 55 55 28
812 31 31 49
813 57 57 30
814 36 36 44
815 55 55 29
816 35 35 45
817 35 35 45
818 55 55 30
819 55 55 30
820 32 32 48
821 31 31 49
822 36 36 45
823 52 52 35
824 34 34 46
825 57 57 30
826 54 54 33
827 51 51 36
828 57 57 31
829 54 54 34
830 52 52 35
831 51 51 37
832 55 55 36
833 36 36 44
834 32 32 48
835 55 55 35
836 34 34 46
837 53 53 34
838 35 35 45
839 58 58 32
840 56 56 37
841 56 56 36
842 30 30 50
843 55 55 35
844 55 55 35
845 33 33 47
846 34 34 47
847 55 55 32
848 51 51 36
849 36 36 44
850 53 53 34
851 55 55 28
852 55 55 33
853 55 55 28
854 34 34 46
855 52 52 35
856 46 46 46
857 51 51 36
858 56 56 31
859 55 55 29
860 30 30 50
861 55 55 32
862 36 36 44
863 56 56 31
864 36 36 44
865 55 55 28
866 37 37 44
867 55 55 35
868 55 55 28
869 53 53 36
870 55 55 29
871 54 54 33
872 53 53 36
873 55 55 28
874 54 54 33
875 55 55 32
876 56 56 31
877 52 52 35
878 35 35 47
879 30 30 50
880 33 33 47
881 55 55 37
882 55 55 34
883 34 34 47
884 55 55 31
885 46 46 47
886 53 53 50
887 30 30 50
888 46 46 49
889 31 31 49
890 36 36 44
891 54 54 34
892 55 55 33
893 55 55 35
894 33 33 48
895 34 34 46
896 48 48 46
897 35 35 45
898 55 55 29
899 34 34 51
900 51 51 36
901 33 33 47
902 53 53 49
903 53 53 36
904 55 55 28
905 55 55 31
906 53 53 34
907 56 56 31
908 55 55 33
909 35 35 45
910 55 55 35
911 55 55 28
912 33 33 50
913 54 54 36
914 55 55 28
915 55 55 34
916 55 55 30
917 55 55 32
918 55 55 31
919 56 56 36
920 53 53 35
921 55 55 28
922 57 57 30
923 51 51 37
924 51 51 36
925 55 55 37
926 33 33 47
927 58 58 31
928 55 55 37
929 36 36 45
930 55 55 33
931 52 52 35
932 36 36 44
933 33 33 47
934 49 49 47
935 55 55 32
936 51 51 50
937 55 55 31
938 32 32 48
939 31 31 50
940 52 52 50
941 57 57 31
942 52 52 35
943 32 32 50
944 55 55 31
945 53 53 37
946 54 54 33
947 55 55 47
948 48 48 44
949 48 48 47
950 53 53 34
951 30 30 50
952 48 48 48
953 53 53 34
954 53 53 34
955 54 54 34
956 55 55 30
957 32 32 48
958 32 32 48
959 55 55 28
960 55 55 32
961 33 33 47
962 32 32 48
963 55 55 34
964 56 56 31
965 55 55 28
966 55 55 28
967 32 32 48
968 32 32 48
969 55 55 28
970 55 55 34
971 31 31 50
972 30 30 50
973 50 50 44
974 56 56 31
975 55 55 29
976 31 31 49
977 52 52 35
978 52 52 36
979 58 58 30
980 55 55 28
981 57 57 34
982 56 56 31
983 55 55 29
984 31 31 49
985 57 57 30
986 55 55 29
987 55 55 31
988 55 55 29
989 55 55 29
990 55 55 28
991 56 56 35
992 55 55 35
993 30 30 51
994 36 36 44
995 54 54 50
996 54 54 36
997 55 55 32
998 55 55 30
999 55 55 28
